<?xml version="1.0" encoding="utf-8"?>
<COLLADA xmlns="http://www.collada.org/2005/11/COLLADASchema" version="1.4.1">
  <asset><contributor><author></author><authoring_tool>FBX COLLADA exporter</authoring_tool><comments></comments></contributor><created>2018-04-09T03:08:24Z</created><keywords></keywords><modified>2018-04-09T03:08:24Z</modified><revision></revision><subject></subject><title></title><unit meter="0.010000" name="centimeter"></unit><up_axis>Y_UP</up_axis></asset>
  <library_images>
    <image id="贴图 #1-image" name="贴图 #1"><init_from>file://C:\Users\zhangquan\Desktop\timg.jpg</init_from></image>
  </library_images>
  <library_materials>
    <material id="Material #25" name="Material #25">
      <instance_effect url="#Material #25-fx"/>
    </material>
  </library_materials>
  <library_effects>
    <effect id="Material #25-fx" name="Material #25">
      <profile_COMMON>
        <technique sid="standard">
          <phong>
            <emission>
              <color sid="emission">0.000000  0.000000 0.000000 1.000000</color>
            </emission>
            <ambient>
              <color sid="ambient">0.588000  0.588000 0.588000 1.000000</color>
            </ambient>
            <diffuse>
              <texture texture="贴图 #1-image" texcoord="CHANNEL0">
                <extra>
                  <technique profile="MAYA">
                    <wrapU sid="wrapU0">TRUE</wrapU>
                    <wrapV sid="wrapV0">TRUE</wrapV>
                    <blend_mode>ADD</blend_mode>
                  </technique>
                </extra>
              </texture>
            </diffuse>
            <specular>
              <color sid="specular">0.000000  0.000000 0.000000 1.000000</color>
            </specular>
            <shininess>
              <float sid="shininess">2.000000</float>
            </shininess>
            <reflective>
              <color sid="reflective">0.000000  0.000000 0.000000 1.000000</color>
            </reflective>
            <reflectivity>
              <float sid="reflectivity">1.000000</float>
            </reflectivity>
            <transparent opaque="RGB_ZERO">
              <color sid="transparent">1.000000  1.000000 1.000000 1.000000</color>
            </transparent>
            <transparency>
              <float sid="transparency">0.000000</float>
            </transparency>
          </phong>
        </technique>
      </profile_COMMON>
    </effect>
  </library_effects>
  <library_geometries>
    <geometry id="Box001-lib" name="Box001Mesh">
      <mesh>
        <source id="Box001-POSITION">
          <float_array id="Box001-POSITION-array" count="24">
-28.970934 -22.285971 0.000000
28.970934 -22.285971 0.000000
-28.970934 22.285971 0.000000
28.970934 22.285971 0.000000
-28.970934 -22.285971 31.734331
28.970934 -22.285971 31.734331
-28.970934 22.285971 31.734331
28.970934 22.285971 31.734331
</float_array>
          <technique_common>
            <accessor source="#Box001-POSITION-array" count="8" stride="3">
              <param name="X" type="float"/>
              <param name="Y" type="float"/>
              <param name="Z" type="float"/>
            </accessor>
          </technique_common>
        </source>
        <source id="Box001-Normal0">
          <float_array id="Box001-Normal0-array" count="108">
0.000000 0.000000 -1.000000
0.000000 0.000000 -1.000000
0.000000 0.000000 -1.000000
0.000000 0.000000 -1.000000
0.000000 0.000000 -1.000000
0.000000 0.000000 -1.000000
0.000000 0.000000 1.000000
0.000000 0.000000 1.000000
0.000000 0.000000 1.000000
0.000000 0.000000 1.000000
0.000000 0.000000 1.000000
0.000000 0.000000 1.000000
0.000000 -1.000000 0.000000
0.000000 -1.000000 0.000000
0.000000 -1.000000 0.000000
0.000000 -1.000000 0.000000
0.000000 -1.000000 0.000000
0.000000 -1.000000 0.000000
1.000000 0.000000 0.000000
1.000000 0.000000 0.000000
1.000000 0.000000 0.000000
1.000000 0.000000 0.000000
1.000000 0.000000 0.000000
1.000000 0.000000 0.000000
0.000000 1.000000 0.000000
0.000000 1.000000 0.000000
0.000000 1.000000 0.000000
0.000000 1.000000 0.000000
0.000000 1.000000 0.000000
0.000000 1.000000 0.000000
-1.000000 0.000000 0.000000
-1.000000 0.000000 0.000000
-1.000000 0.000000 0.000000
-1.000000 0.000000 0.000000
-1.000000 0.000000 0.000000
-1.000000 0.000000 0.000000
</float_array>
          <technique_common>
            <accessor source="#Box001-Normal0-array" count="36" stride="3">
              <param name="X" type="float"/>
              <param name="Y" type="float"/>
              <param name="Z" type="float"/>
            </accessor>
          </technique_common>
        </source>
        <source id="Box001-UV0">
          <float_array id="Box001-UV0-array" count="48">
1.000000 0.000000
0.000000 0.000000
1.000000 1.000000
0.000000 1.000000
0.000000 0.000000
1.000000 0.000000
0.000000 1.000000
1.000000 1.000000
0.000000 0.000000
1.000000 0.000000
0.000000 1.000000
1.000000 1.000000
0.000000 0.000000
1.000000 0.000000
0.000000 1.000000
1.000000 1.000000
0.000000 0.000000
1.000000 0.000000
0.000000 1.000000
1.000000 1.000000
0.000000 0.000000
1.000000 0.000000
0.000000 1.000000
1.000000 1.000000
</float_array>
          <technique_common>
            <accessor source="#Box001-UV0-array" count="24" stride="2">
              <param name="S" type="float"/>
              <param name="T" type="float"/>
            </accessor>
          </technique_common>
        </source>
        <vertices id="Box001-VERTEX">
          <input semantic="POSITION" source="#Box001-POSITION"/>
        </vertices>
        <triangles count="12" material="Material #25"><input semantic="VERTEX" offset="0" source="#Box001-VERTEX"/><input semantic="NORMAL" offset="1" source="#Box001-Normal0"/><input semantic="TEXCOORD" offset="2" set="0" source="#Box001-UV0"/><p> 1 0 1 0 1 0 3 2 3 0 3 0 2 4 2 3 5 3 7 6 7 6 7 6 4 8 4 7 9 7 4 10 4 5 11 5 5 12 11 4 13 10 0 14 8 5 15 11 0 16 8 1 17 9 7 18 15 5 19 14 1 20 12 7 21 15 1 22 12 3 23 13 6 24 19 7 25 18 3 26 16 6 27 19 3 28 16 2 29 17 4 30 23 6 31 22 2 32 20 4 33 23 2 34 20 0 35 21</p></triangles>
      </mesh>
    </geometry>
  </library_geometries>
  <library_animations>
    <animation id="Box001-anim" name="Box001"><animation><source id="Box001-Matrix-animation-input"><float_array id="Box001-Matrix-animation-input-array" count="101">

0.000000 0.033333 0.066667 0.100000 0.133333 0.166667 0.200000 0.233333 0.266667 0.300000 0.333333 0.366667 0.400000 0.433333 0.466667 0.500000
0.533333 0.566667 0.600000 0.633333 0.666667 0.700000 0.733333 0.766667 0.800000 0.833333 0.866667 0.900000 0.933333 0.966667 1.000000 1.033333
1.066667 1.100000 1.133333 1.166667 1.200000 1.233333 1.266667 1.300000 1.333333 1.366667 1.400000 1.433333 1.466667 1.500000 1.533333 1.566667
1.600000 1.633333 1.666667 1.700000 1.733333 1.766667 1.800000 1.833333 1.866667 1.900000 1.933333 1.966667 2.000000 2.033333 2.066667 2.100000
2.133333 2.166667 2.200000 2.233333 2.266667 2.300000 2.333333 2.366667 2.400000 2.433333 2.466667 2.500000 2.533333 2.566667 2.600000 2.633333
2.666667 2.700000 2.733333 2.766667 2.800000 2.833333 2.866667 2.900000 2.933333 2.966667 3.000000 3.033333 3.066667 3.100000 3.133333 3.166667
3.200000 3.233333 3.266667 3.300000 3.333333</float_array><technique_common><accessor source="#Box001-Matrix-animation-input-array" count="101"><param name="TIME" type="float"/></accessor></technique_common></source><source id="Box001-Matrix-animation-output-transform"><float_array id="Box001-Matrix-animation-output-transform-array" count="1616">

1.000000 0.000000 0.000000 0.000000 0.000000 0.000000 1.000000 0.000000 0.000000 -1.000000 0.000000 5.698713 0.000000 0.000000 0.000000 1.000000
1.000000 0.000906 0.000000 0.000000 -0.000000 0.000000 1.000000 0.000000 0.000906 -1.000000 0.000000 5.698713 0.000000 0.000000 0.000000 1.000000
0.999994 0.003601 0.000000 0.000000 -0.000000 0.000000 1.000000 0.000000 0.003601 -0.999994 0.000000 5.698713 0.000000 0.000000 0.000000 1.000000
0.999968 0.008047 0.000000 0.000000 -0.000000 0.000000 1.000000 0.000000 0.008047 -0.999968 0.000000 5.698713 0.000000 0.000000 0.000000 1.000000
0.999899 0.014208 0.000000 0.000000 -0.000000 0.000000 1.000000 0.000000 0.014208 -0.999899 0.000000 5.698713 0.000000 0.000000 0.000000 1.000000
0.999757 0.022047 0.000000 0.000000 -0.000000 0.000000 1.000000 0.000000 0.022047 -0.999757 0.000000 5.698713 0.000000 0.000000 0.000000 1.000000
0.999503 0.031525 0.000000 0.000000 -0.000000 0.000000 1.000000 0.000000 0.031525 -0.999503 0.000000 5.698713 0.000000 0.000000 0.000000 1.000000
0.999092 0.042604 0.000000 0.000000 -0.000000 0.000000 1.000000 0.000000 0.042604 -0.999092 0.000000 5.698713 0.000000 0.000000 0.000000 1.000000
0.998473 0.055245 0.000000 0.000000 -0.000000 0.000000 1.000000 0.000000 0.055245 -0.998473 0.000000 5.698713 0.000000 0.000000 0.000000 1.000000
0.997589 0.069406 0.000000 0.000000 -0.000000 0.000000 1.000000 0.000000 0.069406 -0.997589 0.000000 5.698713 0.000000 0.000000 0.000000 1.000000
0.996377 0.085042 0.000000 0.000000 -0.000000 0.000000 1.000000 0.000000 0.085042 -0.996377 0.000000 5.698713 0.000000 0.000000 0.000000 1.000000
0.994773 0.102110 0.000000 0.000000 -0.000000 0.000000 1.000000 0.000000 0.102110 -0.994773 0.000000 5.698713 0.000000 0.000000 0.000000 1.000000
0.992706 0.120560 0.000000 0.000000 -0.000000 0.000000 1.000000 0.000000 0.120560 -0.992706 0.000000 5.698713 0.000000 0.000000 0.000000 1.000000
0.990103 0.140340 0.000000 0.000000 -0.000000 0.000000 1.000000 0.000000 0.140340 -0.990103 0.000000 5.698713 0.000000 0.000000 0.000000 1.000000
0.986890 0.161397 0.000000 0.000000 -0.000000 0.000000 1.000000 0.000000 0.161397 -0.986890 0.000000 5.698713 0.000000 0.000000 0.000000 1.000000
0.982988 0.183671 0.000000 0.000000 -0.000000 0.000000 1.000000 0.000000 0.183671 -0.982988 0.000000 5.698713 0.000000 0.000000 0.000000 1.000000
0.978320 0.207101 0.000000 0.000000 -0.000000 0.000000 1.000000 0.000000 0.207101 -0.978320 0.000000 5.698713 0.000000 0.000000 0.000000 1.000000
0.972807 0.231618 0.000000 0.000000 -0.000000 0.000000 1.000000 0.000000 0.231618 -0.972807 0.000000 5.698713 0.000000 0.000000 0.000000 1.000000
0.966371 0.257152 0.000000 0.000000 -0.000000 0.000000 1.000000 0.000000 0.257152 -0.966371 0.000000 5.698713 0.000000 0.000000 0.000000 1.000000
0.958935 0.283628 0.000000 0.000000 -0.000000 0.000000 1.000000 0.000000 0.283628 -0.958935 0.000000 5.698713 0.000000 0.000000 0.000000 1.000000
0.950422 0.310963 0.000000 0.000000 -0.000000 0.000000 1.000000 0.000000 0.310963 -0.950422 0.000000 5.698713 0.000000 0.000000 0.000000 1.000000
0.940760 0.339072 0.000000 0.000000 -0.000000 0.000000 1.000000 0.000000 0.339072 -0.940760 0.000000 5.698713 0.000000 0.000000 0.000000 1.000000
0.929879 0.367866 0.000000 0.000000 -0.000000 0.000000 1.000000 0.000000 0.367866 -0.929879 0.000000 5.698713 0.000000 0.000000 0.000000 1.000000
0.917711 0.397248 0.000000 0.000000 -0.000000 0.000000 1.000000 0.000000 0.397248 -0.917711 0.000000 5.698713 0.000000 0.000000 0.000000 1.000000
0.904196 0.427118 0.000000 0.000000 -0.000000 0.000000 1.000000 0.000000 0.427118 -0.904196 0.000000 5.698713 0.000000 0.000000 0.000000 1.000000
0.889275 0.457373 0.000000 0.000000 -0.000000 0.000000 1.000000 0.000000 0.457373 -0.889275 0.000000 5.698713 0.000000 0.000000 0.000000 1.000000
0.872898 0.487903 0.000000 0.000000 -0.000000 0.000000 1.000000 0.000000 0.487903 -0.872898 0.000000 5.698713 0.000000 0.000000 0.000000 1.000000
0.855020 0.518595 0.000000 0.000000 -0.000000 0.000000 1.000000 0.000000 0.518595 -0.855020 0.000000 5.698713 0.000000 0.000000 0.000000 1.000000
0.835603 0.549334 0.000000 0.000000 -0.000000 0.000000 1.000000 0.000000 0.549334 -0.835603 0.000000 5.698713 0.000000 0.000000 0.000000 1.000000
0.814616 0.580000 0.000000 0.000000 -0.000000 0.000000 1.000000 0.000000 0.580000 -0.814616 0.000000 5.698713 0.000000 0.000000 0.000000 1.000000
0.792037 0.610473 0.000000 0.000000 -0.000000 0.000000 1.000000 0.000000 0.610473 -0.792037 0.000000 5.698713 0.000000 0.000000 0.000000 1.000000
0.767853 0.640626 0.000000 0.000000 -0.000000 0.000000 1.000000 0.000000 0.640626 -0.767853 0.000000 5.698713 0.000000 0.000000 0.000000 1.000000
0.742057 0.670337 0.000000 0.000000 -0.000000 0.000000 1.000000 0.000000 0.670337 -0.742057 0.000000 5.698713 0.000000 0.000000 0.000000 1.000000
0.714653 0.699479 0.000000 0.000000 -0.000000 0.000000 1.000000 0.000000 0.699479 -0.714653 0.000000 5.698713 0.000000 0.000000 0.000000 1.000000
0.685655 0.727927 0.000000 0.000000 -0.000000 0.000000 1.000000 0.000000 0.727927 -0.685655 0.000000 5.698713 0.000000 0.000000 0.000000 1.000000
0.655085 0.755555 0.000000 0.000000 -0.000000 0.000000 1.000000 0.000000 0.755555 -0.655085 0.000000 5.698713 0.000000 0.000000 0.000000 1.000000
0.622975 0.782242 0.000000 0.000000 -0.000000 0.000000 1.000000 0.000000 0.782242 -0.622975 0.000000 5.698713 0.000000 0.000000 0.000000 1.000000
0.589367 0.807865 0.000000 0.000000 -0.000000 -0.000000 1.000000 0.000000 0.807865 -0.589367 0.000000 5.698713 0.000000 0.000000 0.000000 1.000000
0.554312 0.832309 0.000000 0.000000 -0.000000 -0.000000 1.000000 0.000000 0.832309 -0.554312 0.000000 5.698713 0.000000 0.000000 0.000000 1.000000
0.517871 0.855459 0.000000 0.000000 -0.000000 -0.000000 1.000000 0.000000 0.855459 -0.517871 0.000000 5.698713 0.000000 0.000000 0.000000 1.000000
0.480113 0.877207 0.000000 0.000000 -0.000000 -0.000000 1.000000 0.000000 0.877207 -0.480113 0.000000 5.698713 0.000000 0.000000 0.000000 1.000000
0.441116 0.897450 0.000000 0.000000 -0.000000 -0.000000 1.000000 0.000000 0.897450 -0.441116 0.000000 5.698713 0.000000 0.000000 0.000000 1.000000
0.400967 0.916093 0.000000 0.000000 -0.000000 -0.000000 1.000000 0.000000 0.916093 -0.400967 0.000000 5.698713 0.000000 0.000000 0.000000 1.000000
0.359760 0.933045 0.000000 0.000000 -0.000000 -0.000000 1.000000 0.000000 0.933045 -0.359760 0.000000 5.698713 0.000000 0.000000 0.000000 1.000000
0.317597 0.948226 0.000000 0.000000 -0.000000 -0.000000 1.000000 0.000000 0.948226 -0.317597 0.000000 5.698713 0.000000 0.000000 0.000000 1.000000
0.274586 0.961562 0.000000 0.000000 -0.000000 -0.000000 1.000000 0.000000 0.961562 -0.274586 0.000000 5.698713 0.000000 0.000000 0.000000 1.000000
0.230841 0.972991 0.000000 0.000000 -0.000000 -0.000000 1.000000 0.000000 0.972991 -0.230841 0.000000 5.698713 0.000000 0.000000 0.000000 1.000000
0.186481 0.982458 0.000000 0.000000 -0.000000 -0.000000 1.000000 0.000000 0.982458 -0.186481 0.000000 5.698713 0.000000 0.000000 0.000000 1.000000
0.141629 0.989920 0.000000 0.000000 -0.000000 -0.000000 1.000000 0.000000 0.989920 -0.141629 0.000000 5.698713 0.000000 0.000000 0.000000 1.000000
0.096412 0.995342 0.000000 0.000000 -0.000000 -0.000000 1.000000 0.000000 0.995342 -0.096412 0.000000 5.698713 0.000000 0.000000 0.000000 1.000000
0.050959 0.998701 0.000000 0.000000 -0.000000 -0.000000 1.000000 0.000000 0.998701 -0.050959 0.000000 5.698713 0.000000 0.000000 0.000000 1.000000
0.005399 0.999985 0.000000 0.000000 -0.000000 -0.000000 1.000000 0.000000 0.999985 -0.005399 0.000000 5.698713 0.000000 0.000000 0.000000 1.000000
-0.040135 0.999194 -0.000000 0.000000 -0.000000 0.000000 1.000000 0.000000 0.999194 0.040135 -0.000000 5.698713 0.000000 0.000000 0.000000 1.000000
-0.085514 0.996337 -0.000000 0.000000 -0.000000 0.000000 1.000000 0.000000 0.996337 0.085514 -0.000000 5.698713 0.000000 0.000000 0.000000 1.000000
-0.130607 0.991434 -0.000000 0.000000 0.000000 0.000000 1.000000 0.000000 0.991434 0.130607 -0.000000 5.698713 0.000000 0.000000 0.000000 1.000000
-0.175288 0.984517 -0.000000 0.000000 0.000000 0.000000 1.000000 0.000000 0.984517 0.175288 -0.000000 5.698713 0.000000 0.000000 0.000000 1.000000
-0.219433 0.975628 -0.000000 0.000000 0.000000 0.000000 1.000000 0.000000 0.975628 0.219433 -0.000000 5.698713 0.000000 0.000000 0.000000 1.000000
-0.262922 0.964817 -0.000000 0.000000 0.000000 0.000000 1.000000 0.000000 0.964817 0.262922 -0.000000 5.698713 0.000000 0.000000 0.000000 1.000000
-0.305640 0.952147 -0.000000 0.000000 0.000000 0.000000 1.000000 0.000000 0.952147 0.305640 -0.000000 5.698713 0.000000 0.000000 0.000000 1.000000
-0.347478 0.937688 -0.000000 0.000000 0.000000 0.000000 1.000000 0.000000 0.937688 0.347478 -0.000000 5.698713 0.000000 0.000000 0.000000 1.000000
-0.388333 0.921519 -0.000000 0.000000 0.000000 0.000000 1.000000 0.000000 0.921519 0.388333 -0.000000 5.698713 0.000000 0.000000 0.000000 1.000000
-0.428109 0.903727 -0.000000 0.000000 0.000000 0.000000 1.000000 0.000000 0.903727 0.428109 -0.000000 5.698713 0.000000 0.000000 0.000000 1.000000
-0.466717 0.884407 -0.000000 0.000000 0.000000 0.000000 1.000000 0.000000 0.884407 0.466717 -0.000000 5.698713 0.000000 0.000000 0.000000 1.000000
-0.504078 0.863658 -0.000000 0.000000 0.000000 0.000000 1.000000 0.000000 0.863658 0.504078 -0.000000 5.698713 0.000000 0.000000 0.000000 1.000000
-0.540119 0.841588 -0.000000 0.000000 0.000000 0.000000 1.000000 0.000000 0.841588 0.540119 -0.000000 5.698713 0.000000 0.000000 0.000000 1.000000
-0.574779 0.818309 -0.000000 0.000000 0.000000 0.000000 1.000000 0.000000 0.818309 0.574779 -0.000000 5.698713 0.000000 0.000000 0.000000 1.000000
-0.608003 0.793935 -0.000000 0.000000 0.000000 0.000000 1.000000 0.000000 0.793935 0.608003 -0.000000 5.698713 0.000000 0.000000 0.000000 1.000000
-0.639745 0.768587 -0.000000 0.000000 0.000000 0.000000 1.000000 0.000000 0.768587 0.639745 -0.000000 5.698713 0.000000 0.000000 0.000000 1.000000
-0.669973 0.742385 -0.000000 0.000000 0.000000 0.000000 1.000000 0.000000 0.742385 0.669973 -0.000000 5.698713 0.000000 0.000000 0.000000 1.000000
-0.698659 0.715455 -0.000000 0.000000 -0.000000 0.000000 1.000000 0.000000 0.715455 0.698659 -0.000000 5.698713 0.000000 0.000000 0.000000 1.000000
-0.725787 0.687919 -0.000000 0.000000 0.000000 0.000000 1.000000 0.000000 0.687919 0.725787 -0.000000 5.698713 0.000000 0.000000 0.000000 1.000000
-0.751350 0.659904 -0.000000 0.000000 0.000000 0.000000 1.000000 0.000000 0.659904 0.751350 -0.000000 5.698713 0.000000 0.000000 0.000000 1.000000
-0.775349 0.631533 -0.000000 0.000000 -0.000000 0.000000 1.000000 0.000000 0.631533 0.775349 -0.000000 5.698713 0.000000 0.000000 0.000000 1.000000
-0.797794 0.602930 -0.000000 0.000000 0.000000 0.000000 1.000000 0.000000 0.602930 0.797794 -0.000000 5.698713 0.000000 0.000000 0.000000 1.000000
-0.818704 0.574216 -0.000000 0.000000 -0.000000 0.000000 1.000000 0.000000 0.574216 0.818704 -0.000000 5.698713 0.000000 0.000000 0.000000 1.000000
-0.838103 0.545512 -0.000000 0.000000 0.000000 0.000000 1.000000 0.000000 0.545512 0.838103 -0.000000 5.698713 0.000000 0.000000 0.000000 1.000000
-0.856026 0.516933 -0.000000 0.000000 -0.000000 0.000000 1.000000 0.000000 0.516933 0.856026 -0.000000 5.698713 0.000000 0.000000 0.000000 1.000000
-0.872511 0.488594 -0.000000 0.000000 0.000000 0.000000 1.000000 0.000000 0.488594 0.872511 -0.000000 5.698713 0.000000 0.000000 0.000000 1.000000
-0.887607 0.460603 -0.000000 0.000000 0.000000 0.000000 1.000000 0.000000 0.460603 0.887607 -0.000000 5.698713 0.000000 0.000000 0.000000 1.000000
-0.901362 0.433066 -0.000000 0.000000 0.000000 0.000000 1.000000 0.000000 0.433066 0.901362 -0.000000 5.698713 0.000000 0.000000 0.000000 1.000000
-0.913835 0.406086 -0.000000 0.000000 -0.000000 0.000000 1.000000 0.000000 0.406086 0.913835 -0.000000 5.698713 0.000000 0.000000 0.000000 1.000000
-0.925085 0.379759 -0.000000 0.000000 -0.000000 0.000000 1.000000 0.000000 0.379759 0.925085 -0.000000 5.698713 0.000000 0.000000 0.000000 1.000000
-0.935178 0.354179 -0.000000 0.000000 0.000000 0.000000 1.000000 0.000000 0.354179 0.935178 -0.000000 5.698713 0.000000 0.000000 0.000000 1.000000
-0.944179 0.329432 -0.000000 0.000000 0.000000 0.000000 1.000000 0.000000 0.329432 0.944179 -0.000000 5.698713 0.000000 0.000000 0.000000 1.000000
-0.952159 0.305603 -0.000000 0.000000 0.000000 0.000000 1.000000 0.000000 0.305603 0.952159 -0.000000 5.698713 0.000000 0.000000 0.000000 1.000000
-0.959188 0.282770 -0.000000 0.000000 0.000000 0.000000 1.000000 0.000000 0.282770 0.959188 -0.000000 5.698713 0.000000 0.000000 0.000000 1.000000
-0.965336 0.261009 -0.000000 0.000000 0.000000 0.000000 1.000000 0.000000 0.261009 0.965336 -0.000000 5.698713 0.000000 0.000000 0.000000 1.000000
-0.970677 0.240389 -0.000000 0.000000 0.000000 0.000000 1.000000 0.000000 0.240389 0.970677 -0.000000 5.698713 0.000000 0.000000 0.000000 1.000000
-0.975279 0.220976 -0.000000 0.000000 0.000000 0.000000 1.000000 0.000000 0.220976 0.975279 -0.000000 5.698713 0.000000 0.000000 0.000000 1.000000
-0.979214 0.202832 -0.000000 0.000000 -0.000000 0.000000 1.000000 0.000000 0.202832 0.979214 -0.000000 5.698713 0.000000 0.000000 0.000000 1.000000
-0.982547 0.186017 -0.000000 0.000000 0.000000 0.000000 1.000000 0.000000 0.186017 0.982547 -0.000000 5.698713 0.000000 0.000000 0.000000 1.000000
-0.985343 0.170584 -0.000000 0.000000 0.000000 0.000000 1.000000 0.000000 0.170584 0.985343 -0.000000 5.698713 0.000000 0.000000 0.000000 1.000000
-0.987664 0.156587 -0.000000 0.000000 0.000000 0.000000 1.000000 0.000000 0.156587 0.987664 -0.000000 5.698713 0.000000 0.000000 0.000000 1.000000
-0.989567 0.144076 -0.000000 0.000000 -0.000000 0.000000 1.000000 0.000000 0.144076 0.989567 -0.000000 5.698713 0.000000 0.000000 0.000000 1.000000
-0.991103 0.133095 -0.000000 0.000000 0.000000 0.000000 1.000000 0.000000 0.133095 0.991103 -0.000000 5.698713 0.000000 0.000000 0.000000 1.000000
-0.992321 0.123692 -0.000000 0.000000 0.000000 0.000000 1.000000 0.000000 0.123692 0.992321 -0.000000 5.698713 0.000000 0.000000 0.000000 1.000000
-0.993260 0.115909 -0.000000 0.000000 0.000000 0.000000 1.000000 0.000000 0.115909 0.993260 -0.000000 5.698713 0.000000 0.000000 0.000000 1.000000
-0.993955 0.109787 -0.000000 0.000000 0.000000 0.000000 1.000000 0.000000 0.109787 0.993955 -0.000000 5.698713 0.000000 0.000000 0.000000 1.000000
-0.994433 0.105366 -0.000000 0.000000 -0.000000 0.000000 1.000000 0.000000 0.105366 0.994433 -0.000000 5.698713 0.000000 0.000000 0.000000 1.000000
-0.994714 0.102686 -0.000000 0.000000 0.000000 0.000000 1.000000 0.000000 0.102686 0.994714 -0.000000 5.698713 0.000000 0.000000 0.000000 1.000000
-0.994806 0.101785 -0.000000 0.000000 -0.000000 0.000000 1.000000 0.000000 0.101785 0.994806 -0.000000 5.698713 0.000000 0.000000 0.000000 1.000000</float_array><technique_common><accessor source="#Box001-Matrix-animation-output-transform-array" count="101" stride="16"><param type="float4x4"/></accessor></technique_common></source><source id="Box001-Interpolations"><Name_array id="Box001-Interpolations-array" count="101">
 LINEAR LINEAR LINEAR LINEAR LINEAR LINEAR LINEAR LINEAR LINEAR LINEAR LINEAR
LINEAR LINEAR LINEAR LINEAR LINEAR LINEAR LINEAR LINEAR LINEAR LINEAR LINEAR LINEAR
LINEAR LINEAR LINEAR LINEAR LINEAR LINEAR LINEAR LINEAR LINEAR LINEAR LINEAR LINEAR
LINEAR LINEAR LINEAR LINEAR LINEAR LINEAR LINEAR LINEAR LINEAR LINEAR LINEAR LINEAR
LINEAR LINEAR LINEAR LINEAR LINEAR LINEAR LINEAR LINEAR LINEAR LINEAR LINEAR LINEAR
LINEAR LINEAR LINEAR LINEAR LINEAR LINEAR LINEAR LINEAR LINEAR LINEAR LINEAR LINEAR
LINEAR LINEAR LINEAR LINEAR LINEAR LINEAR LINEAR LINEAR LINEAR LINEAR LINEAR LINEAR
LINEAR LINEAR LINEAR LINEAR LINEAR LINEAR LINEAR LINEAR LINEAR LINEAR LINEAR LINEAR
LINEAR LINEAR LINEAR LINEAR LINEAR LINEAR</Name_array><technique_common><accessor source="#Box001-Interpolations-array" count="101"><param type="name"/></accessor></technique_common></source><sampler id="Box001-Matrix-animation-transform"><input semantic="INPUT" source="#Box001-Matrix-animation-input"/><input semantic="OUTPUT" source="#Box001-Matrix-animation-output-transform"/><input semantic="INTERPOLATION" source="#Box001-Interpolations"/></sampler><channel source="#Box001-Matrix-animation-transform" target="Box001/matrix"/></animation></animation>
  </library_animations>
  <library_visual_scenes>
    <visual_scene id="cube" name="cube">
      <node name="Box001" id="Box001" sid="Box001"><matrix sid="matrix">1.000000 0.000000 0.000000 0.000000 0.000000 0.000000 1.000000 0.000000 0.000000 -1.000000 0.000000 5.698713 0.000000 0.000000 0.000000 1.000000</matrix><instance_geometry url="#Box001-lib"><bind_material><technique_common><instance_material symbol="Material #25" target="#Material #25"/></technique_common></bind_material></instance_geometry><extra><technique profile="FCOLLADA"><visibility>1.000000</visibility></technique></extra></node>
      <extra><technique profile="MAX3D"><frame_rate>30.000000</frame_rate></technique><technique profile="FCOLLADA"><start_time>0.000000</start_time><end_time>3.333333</end_time></technique></extra>
    </visual_scene>
  </library_visual_scenes>
  <scene>
    <instance_visual_scene url="#cube"></instance_visual_scene>
  </scene>
</COLLADA>
